-6 0 8 2 3 -4 4 -1 -7 0 8 -1 -2 -5 8 -9 -10 -1 -5 3 -77
-1 2 -3 -6 -6 -2 6 -10 9 -4 0 0 9 -3 -3 5 0 -8 -7 7 57
8 -1 -1 -9 3 -10 3 -1 6 -6 -6 -2 -7 -10 -3 6 -10 1 -7 -2 -81
-3 -7 1 -8 -5 3 2 -8 -1 7 7 -10 -2 -9 3 -6 -7 -3 2 6 77
-7 4 -6 -10 -3 8 -8 0 -9 -9 -9 -9 -1 7 -10 -10 9 8 -3 9 -61
0 4 -9 1 -2 -6 2 6 9 3 -7 -8 -5 -5 -8 3 -9 -7 -8 2 -14
4 -7 9 8 7 -4 8 7 -1 3 7 0 7 -6 -10 -2 -3 5 -7 0 -26
-4 -9 -5 -5 7 -5 -1 6 -9 -10 -7 -10 5 9 -4 -10 8 -8 -9 8 -82
6 -6 2 -1 -9 -1 -6 -3 1 2 -3 -4 4 -8 -9 -1 -8 7 8 -2 25
-10 5 -2 -7 -10 -3 4 4 1 -9 8 5 7 0 -9 0 6 6 0 1 98
-7 2 8 4 0 -4 8 0 -4 -5 -10 -6 2 -10 9 5 -4 1 -8 1 58
7 -8 -4 0 4 3 -8 5 5 -7 5 1 1 -7 5 -7 -7 5 -4 -8 -15
2 2 -9 -6 -2 -2 5 -7 1 0 4 4 4 -3 3 1 3 -5 -1 -9 -75
3 6 -3 1 5 8 -7 5 4 6 -5 -5 7 7 -1 6 2 3 6 -4 -30
0 4 -4 8 8 0 -8 1 6 -6 3 6 7 2 5 1 9 1 3 6 -60
9 -9 3 2 3 3 -6 9 9 -5 -2 8 0 -8 8 4 -4 -4 8 -8 78
0 8 -2 2 -7 6 -4 -6 2 5 -8 4 5 -8 3 -1 -4 7 -1 -2 65
6 -2 2 -10 -2 1 0 7 3 -9 -10 2 -8 -6 3 -3 2 9 -1 1 79
5 -7 3 -8 -3 -5 5 -6 -5 -4 -2 -9 6 2 -10 -3 6 -2 -7 -7 80
-7 4 9 6 8 -5 7 -1 4 -5 7 7 -1 7 -2 -10 -5 -3 6 -8 60